Date|Model|Grade|Sentence
19/09/2018|gpt-4o|1|Diversas medidas de inflação subjacente se encontram em níveis apropriados, inclusive os componentes mais sensíveis ao ciclo econômico e à política monetária.
19/09/2018|gpt-4o|1|As expectativas de inflação para 2018 e 2019 apuradas pela pesquisa Focus e ncontram-se em torno de 4, 1%.
19/09/2018|gpt-4o|-1|Nesse cenário, as projeções para a inflação de preços administrados são de 7, 7% para 2018 e de 5, 4% para 2019.
19/09/2018|gpt-4o|0|No cenário com taxa de juros constante em 6, 50%   e taxa de câmbio constante a R$4, 15/US$2, as projeções para a inflação do Copom situam-se em torno de 4, 4% para 2018 e 4, 5% para 2019.
19/09/2018|gpt-4o|-1|Nesse cenário, as projeções para a inflação de preços administrados são de 8, 3% para 2018 e de 5, 7 % para 2019.
19/09/2018|gpt-4o|0|O cenário básico do Copom para a inflação envolve fatores de risco em ambas as direções.
19/09/2018|gpt-4o|-1|Por outro lado, (ii) uma frustração das expectativas sobre a continuidade das reformas e ajustes necessários na economia brasileira pode afetar prêmios de risco e elevar a trajetória da inflação no horizonte relevante para a política monetária.
19/09/2018|gpt-4o|1|Nesse contexto, os membros do Copom voltaram a destacar a capacidade que a economia brasileira apresenta de absorver revés no cenário internacional, devido à situação robusta de seu balanço de pagamentos e ao ambiente com expectativas de inflação ancoradas e perspectiva de recuperação econômica.
19/09/2018|gpt-4o|0|Os membros do Co pom analisaram a trajetória da inflação no curto prazo.
19/09/2018|gpt-4o|0|Todos concordaram que a inflação nos meses de ju lho e agosto e as projeções para os meses seguintes corrobor am a visão de que os efeitos da paralisação no setor de transportes de cargas ocorrida em maio foram temporários.
19/09/2018|gpt-4o|0|Os membros do Comitê pontuaram que nos últimos meses as diversas medidas de inflação subjacente se elevaram a partir de níveis julgados baixos, atingindo níveis apropriados – ou seja, de modo geral consistentes com as metas para a inflação.
19/09/2018|gpt-4o|1|É possível que os ajustes de preços relativos ocorridos recentemente, em contexto com expectativas ancoradas, tenha m contribu ído para elevar a inflação para níveis compatíveis com as metas, sem constituir risco para a manutenção nesses níveis após concluídos os referidos ajustes.
19/09/2018|gpt-4o|0|Entretanto, os membros do Comitê reforçaram a importância de acompanhar a evolução da trajetória prospectiva da inflação no médio e longo prazo s, além da ancorag em das expectativas de inflação, visando avaliar o possível impacto mais perene de choques sobre a inflação (i., seus efeitos secundários).
19/09/2018|gpt-4o|1|O Comitê reiterou o entendimento de que, com expectativas de inflação ancoradas, eventuais choques que produzam ajustes de preços relativos devem ter apenas seus efeitos secundários combatidos pela política monetária.
19/09/2018|gpt-4o|0|Ponderaram, entretanto, que a intensidade do repasse de movimentos no câmbio para a inflação depende de vários fatores, como, por exemplo, do nível de ociosidade da economia e da ancoragem das expectativas de inflação.
19/09/2018|gpt-4o|0|O Comitê continuará acompanha ndo diferentes medidas de repasse cambial, inclusive para medidas de inflação subjacente.
19/09/2018|gpt-4o|1|Os membros do Comitê avaliaram que a conjuntura econômica com expectativas de inflação ancoradas, medidas de inflação subjacente em níveis apropriados, projeções de inflação próximas da meta para 2019 e elevado grau de ociosidade na economia ainda prescreve política monetária estimulativa, ou seja, com taxas de juros abaixo da taxa estrutural.
19/09/2018|gpt-4o|0|Todos concordaram que o grau de estímulo adequado depende das condições da conjuntura, em particular, das expectativas de inflação, da capacidade ociosa na economia, do balanço de riscos e das projeções de inflação.
19/09/2018|gpt-4o|0|Em especial, a provisão de estímulo monetário requer ambiente com expectativas de inflação ancoradas.
19/09/2018|gpt-4o|-1|O Comitê avaliou que esse estímulo deve ser removido gradualmente caso o cenário prospectivo para a inflação no horizonte relevante para a política monetária e/ou seu balanço de riscos apresentem piora.
19/09/2018|gpt-4o|0|Em relação ao balanço de riscos para a inflação, por um lado, avaliou-se que o risco baixista decorrente d a in ércia do nível baixo de inflação no passado recente se dissipou.
19/09/2018|gpt-4o|1|Não obstante, ponderaram que a manutenção de elevado grau de ociosidade na economia constitui risco baixista para a inflação prospectiva.
19/09/2018|gpt-4o|0|Os membros do Copom ponderaram, entretanto, que se torna impor tante reforçar o seu compromisso de conduzir a política Banco Central do Brasil 217ª Reunião do Copom 5 monetária visando manter a trajetória da inflação em linha com as meta  Isso requer a flexibilidade para ajustar gradualmente a condução da política monetária quando e se houver necessidade.
19/09/2018|gpt-4o|1|Essa capacidade de resposta a distintas circunstâncias contribui para a manutenção do ambiente com expectativas ancoradas, o que é fundamental para garantir que a conquista da inflação baixa perdure, mesmo diante de choques adversos.
19/09/2018|gpt-4o|0|Os membros do Copom reiter aram a importância de reafirmar a atuação da política monet ária exclusivamente com foco na evolução das projeções e expectativas de inflação, do seu balanço de riscos e da atividade econômica.
19/09/2018|gpt-4o|0|Choques de preços relativos devem ser combatidos apenas no impacto secundário que poderão ter na inflação prospectiva.
19/09/2018|gpt-4o|0|Nesse contexto, voltaram a ressaltar que os próximos passos na condução da política monetária continuarão dependendo da evolução da atividade econômica, do balanço de riscos e das projeções e expectativas de inflação.
19/09/2018|gpt-4o|0|Todos os membros do Comitê voltaram a enfatizar que a aprovação e implementação das reformas, notadamente as de natureza fiscal, e de ajustes na economia brasileira são fundamentais para a sustentabilidade d o ambiente com inflação baixa e estável, para o funcionamento pleno da política monetária e para a redução da taxa de juros estrutural da economia, com amplos benefícios para a sociedade.
19/09/2018|gpt-4o|1|Considerando o cenário básico, o balanço de riscos e o amplo conjunto de informações disponíveis, o Copom decidiu, por unanimidade, pela manutenção da taxa básica de juros em 6, 50%   O Comitê entende que essa decisão reflete seu cenário básico e balanço de riscos para a inflação prospectiva e é compatível com a convergência da inflação para a meta no horizonte relevante para a condução da política monetária, que inclui o ano-calendário de 2019.
19/09/2018|gpt-4o|0|O Comitê enfatiza que a continuidade do processo de reforma s e ajustes necessários na economia brasileira é essencial para a manutenção da inflação baixa no médio e longo prazos, para a queda da taxa de juros estrutural e para a recuperação sustentável da economia.
19/09/2018|gpt-4o|0|O Copom entende que deve pautar sua atuação com foco na evolução das projeções e expectativas de inflação, do seu balanço de riscos e da atividade econômica.
19/09/2018|gpt-4o|0|Choque s que produzam ajustes de preços relativos devem ser combatidos apenas no impacto secundário que poderão ter na inflação prospectiva (i., na propagação a preços da economia não diretamente afetados pelo choque).
19/09/2018|gpt-4o|0|É por meio desses efeitos secundários que esses choques podem afetar as projeções e expectativas de inflação e alterar o balanço de riscos.
19/09/2018|gpt-4o|1|Esses efeitos podem ser mitigados pelo grau de ociosidade na economia e pelas expectativas de inflação ancoradas nas metas.
19/09/2018|gpt-4o|-1|Esse estímulo começará a ser removido gradualmente caso o cenário prospectivo para a inflação no horizonte relevante para a política monetária e/ou seu balanço de riscos apresentem piora.
19/09/2018|gpt-4o|0|O Copom ressalta que os próximos passos da política monetária continuarão dependendo da evolução da atividade econômica, do balanço de riscos e das projeções e expectativas de inflação.
